Date,Open,High,Low,Close,Adj Close,Volume
2020-12-10,146.000000,165.000000,141.250000,144.710007,144.710007,70447500
2020-12-11,146.550003,151.500000,135.100006,139.250000,139.250000,26980800
2020-12-14,135.000000,135.300003,125.160004,130.000000,130.000000,16966100
2020-12-15,126.690002,127.599998,121.500000,124.800003,124.800003,10914400
2020-12-16,125.830002,142.000000,124.910004,137.990005,137.990005,20409600
2020-12-17,143.000000,152.449997,142.669998,147.050003,147.050003,15054700
2020-12-18,150.449997,159.000000,150.300003,157.300003,157.300003,15954200
2020-12-21,155.309998,172.000000,145.110001,163.020004,163.020004,17788100
2020-12-22,170.000000,174.970001,161.050003,163.190002,163.190002,9872600
2020-12-23,162.813995,168.250000,155.500000,158.009995,158.009995,5852500
2020-12-24,159.160004,162.789993,154.112000,154.839996,154.839996,3621400
2020-12-28,158.600006,163.639999,147.520004,149.000000,149.000000,6229200
2020-12-29,150.000000,151.651001,143.119995,150.000000,150.000000,5402300
2020-12-30,151.339996,152.813004,145.600006,148.429993,148.429993,3462400
2020-12-31,146.899994,147.889999,144.509995,146.800003,146.800003,2795800
2021-01-04,150.990005,151.005005,137.000000,139.149994,139.149994,6409900
2021-01-05,138.279999,149.000000,137.250000,148.300003,148.300003,5974200
2021-01-06,145.750000,148.350006,141.110001,142.770004,142.770004,4213900
2021-01-07,146.369995,154.419998,145.261002,151.270004,151.270004,4482800
2021-01-08,153.449997,155.539993,147.250000,149.770004,149.770004,4615600
2021-01-11,147.990005,150.500000,144.020004,148.130005,148.130005,2801900
2021-01-12,148.080002,163.880005,143.610001,160.800003,160.800003,8123600
2021-01-13,160.809998,178.619995,159.350006,169.990005,169.990005,12529700
2021-01-14,175.539993,187.419998,174.975006,180.500000,180.500000,9926500
2021-01-15,184.580002,185.994995,164.860001,169.270004,169.270004,8575700
2021-01-19,173.000000,178.600006,166.600006,173.690002,173.690002,4685400
2021-01-20,176.009995,176.309998,161.000000,161.830002,161.830002,8517400
2021-01-21,164.990005,183.470001,155.330002,180.399994,180.399994,17618400
2021-01-22,178.089996,185.307007,175.190002,181.869995,181.869995,7136800
2021-01-25,186.050003,192.470001,170.029999,177.529999,177.529999,7472900
2021-01-26,180.000000,193.000000,177.300003,192.740005,192.740005,6460900
2021-01-27,187.639999,216.000000,185.500000,201.250000,201.250000,11019800
2021-01-28,202.600006,212.839996,187.050003,187.369995,187.369995,7077700
2021-01-29,190.710007,193.500000,179.309998,183.630005,183.630005,4529800
2021-02-01,187.479996,188.820007,179.740005,180.440002,180.440002,3877400
2021-02-02,183.220001,186.479004,177.110001,179.169998,179.169998,4413600
2021-02-03,181.979996,190.899994,180.000000,185.720001,185.720001,4169000
2021-02-04,187.070007,195.990005,186.190002,195.800003,195.800003,3631500
2021-02-05,197.000000,197.250000,190.250000,195.309998,195.309998,2869700
2021-02-08,199.929993,201.960007,191.500000,200.429993,200.429993,3488100
2021-02-09,199.203003,209.220001,196.160004,199.880005,199.880005,4725800
2021-02-10,205.479996,214.716003,202.097000,211.660004,211.660004,5257200
2021-02-11,213.500000,219.940002,207.000000,216.839996,216.839996,3595200
2021-02-12,214.457993,216.940002,209.000000,212.679993,212.679993,3041700
2021-02-16,216.240005,218.779999,209.089996,209.860001,209.860001,3487900
2021-02-17,207.050003,208.764999,196.020004,201.960007,201.960007,4090600
2021-02-18,199.009995,200.360001,192.169998,198.039993,198.039993,2791400
2021-02-19,203.949997,205.550003,200.179993,201.070007,201.070007,2605800
2021-02-22,200.699997,205.000000,193.500000,195.339996,195.339996,3674200
2021-02-23,189.000000,191.669998,175.000000,187.589996,187.589996,5902400
2021-02-24,190.979996,208.145004,189.000000,200.199997,200.199997,5983500
2021-02-25,197.410004,199.800003,180.000000,182.059998,182.059998,11568500
2021-02-26,194.179993,214.100006,185.750000,206.350006,206.350006,19368600
2021-03-01,195.820007,199.690002,192.619995,196.419998,196.419998,15798500
2021-03-02,195.630005,200.000000,188.500000,189.899994,189.899994,9144900
2021-03-03,186.970001,188.479996,178.800003,180.399994,180.399994,10592900
2021-03-04,178.639999,183.899994,170.869995,180.229996,180.229996,9993700
2021-03-05,182.520004,183.500000,161.899994,179.809998,179.809998,8788500
2021-03-08,179.992004,186.399994,177.029999,180.809998,180.809998,4988500
2021-03-09,184.990005,189.460007,180.720001,183.110001,183.110001,6079900
2021-03-10,184.570007,191.000000,181.550003,183.789993,183.789993,6145600
2021-03-11,189.899994,201.000000,188.500000,197.869995,197.869995,6031200
2021-03-12,196.270004,208.699997,192.199997,206.740005,206.740005,5556500
2021-03-15,209.537994,213.740005,203.809998,209.990005,209.990005,4329400
2021-03-16,209.110001,215.490005,198.179993,200.009995,200.009995,4605600
2021-03-17,195.630005,203.460007,194.440002,201.360001,201.360001,3781900
2021-03-18,196.800003,199.899994,190.679993,191.449997,191.449997,3711500
2021-03-19,193.009995,196.490005,187.809998,194.389999,194.389999,4444600
2021-03-22,196.850006,203.300003,194.710007,195.000000,195.000000,3740400
2021-03-23,195.500000,196.750000,185.740005,187.139999,187.139999,3460600
2021-03-24,189.000000,189.779999,178.509995,178.850006,178.850006,3756100
2021-03-25,173.100006,179.539993,170.500000,176.160004,176.160004,5264100
2021-03-26,178.416000,181.000000,168.000000,174.399994,174.399994,3562900
2021-03-29,175.360001,185.460007,173.500000,182.500000,182.500000,4508800
2021-03-30,182.350006,185.229996,178.380005,183.100006,183.100006,2903300
2021-03-31,185.429993,192.274994,185.130005,187.940002,187.940002,3079500
2021-04-01,192.500000,193.990005,185.369995,188.240005,188.240005,2921400
2021-04-05,191.660004,192.100006,185.809998,186.690002,186.690002,2591400
2021-04-06,188.699997,194.479996,187.520004,190.029999,190.029999,3565600
2021-04-07,189.380005,190.619995,179.470001,179.940002,179.940002,6663500
2021-04-08,181.647995,183.899994,179.300003,180.179993,180.179993,2625300
2021-04-09,179.619995,182.460007,177.250000,179.500000,179.500000,2910200
2021-04-12,179.679993,181.490005,176.250000,176.490005,176.490005,2619800
2021-04-13,175.264999,178.610001,172.139999,177.949997,177.949997,3573600
2021-04-14,179.500000,181.466995,175.309998,176.429993,176.429993,2938600
2021-04-15,177.000000,178.240005,174.250000,175.350006,175.350006,2894900
2021-04-16,176.011993,179.509995,172.940002,178.690002,178.690002,3058300
2021-04-19,177.320007,178.720001,171.500000,174.580002,174.580002,3125700
2021-04-20,173.184006,175.000000,165.520004,169.570007,169.570007,4575000
2021-04-21,168.089996,170.320007,164.119995,167.070007,167.070007,3878600
2021-04-22,168.490005,176.919998,168.429993,170.710007,170.710007,3856500
2021-04-23,172.919006,178.250000,172.000000,174.250000,174.250000,3329900
2021-04-26,175.210007,176.031006,171.070007,174.880005,174.880005,2549400
2021-04-27,176.164993,179.610001,174.800003,177.940002,177.940002,2883000
2021-04-28,174.436996,181.669998,173.350998,180.000000,180.000000,2409700
2021-04-29,182.750000,183.220001,173.350006,177.679993,177.679993,3116000
2021-04-30,173.003998,176.449997,172.009995,172.710007,172.710007,3580000
2021-05-03,173.190002,173.440002,167.800003,168.110001,168.110001,3149700
2021-05-04,167.014999,169.039993,161.960007,168.899994,168.899994,4658000
2021-05-05,169.300003,170.179993,162.119995,162.330002,162.330002,3590100
2021-05-06,161.910004,162.104996,150.699997,153.639999,153.639999,8529000
2021-05-07,156.500000,157.054001,148.779999,151.210007,151.210007,7134000
2021-05-10,150.283997,150.500000,144.520004,146.729996,146.729996,5827200
2021-05-11,139.100006,144.350006,136.009995,142.729996,142.729996,8257400
2021-05-12,140.899994,144.770004,138.750000,140.250000,140.250000,5307500
2021-05-13,142.250000,142.328995,131.279999,135.750000,135.750000,13005400
2021-05-14,137.679993,142.250000,131.669998,141.199997,141.199997,20325400
2021-05-17,137.156006,137.789993,130.253006,132.500000,132.500000,39755000
2021-05-18,134.000000,138.399994,131.490005,135.020004,135.020004,18555600
2021-05-19,129.949997,138.380005,129.710007,138.190002,138.190002,15565500
2021-05-20,138.839005,138.889999,135.649994,136.199997,136.199997,8903600
2021-05-21,136.550003,137.169998,132.880005,134.710007,134.710007,10056500
2021-05-24,135.500000,137.979996,134.389999,135.910004,135.910004,8543600
2021-05-25,137.399994,137.850006,133.559998,133.990005,133.990005,10435800
2021-05-26,134.940002,135.759995,133.720993,134.750000,134.750000,8179200
2021-05-27,135.070007,143.820007,134.500000,143.169998,143.169998,21270200
2021-05-28,144.759995,145.000000,140.250000,140.399994,140.399994,12000600
2021-06-01,143.889999,146.089005,141.589996,144.309998,144.309998,16552100
2021-06-02,145.350006,152.699997,144.399994,151.000000,151.000000,16245100
2021-06-03,149.550003,151.119995,143.800003,144.190002,144.190002,11083300
2021-06-04,145.830002,151.570007,145.000000,150.729996,150.729996,8534900
2021-06-07,150.960007,150.960007,146.399994,148.970001,148.970001,7780200
2021-06-08,150.600006,150.750000,145.800003,147.009995,147.009995,7125800
2021-06-09,148.570007,149.360001,144.460007,144.850006,144.850006,5606500
2021-06-10,142.149994,147.449997,141.039993,146.119995,146.119995,9482500
2021-06-11,145.869995,148.949997,145.199997,148.440002,148.440002,4819900
2021-06-14,149.250000,149.600006,146.850006,149.210007,149.210007,6107500
2021-06-15,149.199997,153.740005,148.839996,151.779999,151.779999,12007700
2021-06-16,150.949997,152.350006,146.919998,149.149994,149.149994,9632800
2021-06-17,148.990005,152.289993,148.612000,150.699997,150.699997,8171300
2021-06-18,150.380005,154.800003,149.399994,152.520004,152.520004,11628900
2021-06-21,152.520004,152.610001,145.830002,149.699997,149.699997,8040200
2021-06-22,149.750000,151.647003,148.399994,149.679993,149.679993,5790400
2021-06-23,149.759995,154.589996,147.800003,151.580002,151.580002,9335700
2021-06-24,152.669998,153.626999,149.860001,150.729996,150.729996,8173400
2021-06-25,151.229996,153.169998,149.279999,149.669998,149.669998,6452400
2021-06-28,148.615005,150.929993,147.080002,149.940002,149.940002,6451000
2021-06-29,149.750000,149.940002,145.770004,146.080002,146.080002,7479000
2021-06-30,145.544998,154.089996,144.244995,153.139999,153.139999,9798600
2021-07-01,154.500000,157.410004,151.410004,153.080002,153.080002,9787100
2021-07-02,153.309998,154.949997,149.559998,150.229996,150.229996,4826500
2021-07-06,150.080002,152.800003,147.809998,148.369995,148.369995,5069400
2021-07-07,148.149994,148.940002,143.600006,143.720001,143.720001,5650900
2021-07-08,140.429993,143.729996,139.529999,142.529999,142.529999,4827200
2021-07-09,143.300003,150.259995,143.300003,149.639999,149.639999,7065100
2021-07-12,148.990005,150.419998,146.009995,146.690002,146.690002,3276300
2021-07-13,147.695007,147.695007,143.000000,143.410004,143.410004,5871500
2021-07-14,143.860001,144.199997,139.039993,139.089996,139.089996,8545500
2021-07-15,139.179993,140.520004,136.539993,137.500000,137.500000,6576100
2021-07-16,139.690002,139.789993,133.509995,134.309998,134.309998,6094600
2021-07-19,131.360001,133.770004,130.309998,131.880005,131.880005,7215700
2021-07-20,132.750000,137.434998,131.699997,136.089996,136.089996,6274600
2021-07-21,136.710007,140.149994,135.725006,139.250000,139.250000,5269600
2021-07-22,141.289993,141.289993,137.660004,139.470001,139.470001,4628400
2021-07-23,139.800003,140.000000,137.410004,138.729996,138.729996,2811100
2021-07-26,139.130005,142.190002,137.199997,142.000000,142.000000,6489500
2021-07-27,141.255005,142.520004,138.309998,141.580002,141.580002,5113100
2021-07-28,141.309998,143.729996,141.029999,143.300003,143.300003,4466800
2021-07-29,143.645996,145.000000,141.710007,143.470001,143.470001,5005500
2021-07-30,141.750000,144.690002,141.740005,144.009995,144.009995,4163200
2021-08-02,143.850006,146.270004,143.399994,145.490005,145.490005,4522400
2021-08-03,147.727997,147.789993,143.279999,145.649994,145.649994,5491000
2021-08-04,145.100006,147.460007,145.009995,147.399994,147.399994,4631400
2021-08-05,146.669998,150.410004,146.399002,150.320007,150.320007,4737500
2021-08-06,148.990005,150.190002,147.550003,149.990005,149.990005,4039600
2021-08-09,148.740005,151.000000,148.699997,149.440002,149.440002,5541900
2021-08-10,149.365005,150.759995,147.850006,147.949997,147.949997,5149800
2021-08-11,147.539993,149.279999,145.158005,148.160004,148.160004,6717700
2021-08-12,148.860001,151.679993,146.550003,151.149994,151.149994,8794100
2021-08-13,146.660004,152.759995,144.509995,152.759995,152.759995,16781900
2021-08-16,151.990005,152.029999,144.899994,148.570007,148.570007,7715200
2021-08-17,145.000000,148.199997,143.580002,143.899994,143.899994,7855100
2021-08-18,144.020004,148.679993,141.699997,146.740005,146.740005,5190100
2021-08-19,143.791000,145.279999,141.919998,142.649994,142.649994,4732400
2021-08-20,142.000000,143.949005,141.500000,143.699997,143.699997,2965300
2021-08-23,144.899994,147.630005,144.149994,146.789993,146.789993,4727400
2021-08-24,147.000000,161.979996,146.500000,161.419998,161.419998,22096800
2021-08-25,158.764008,163.059006,158.000000,160.350006,160.350006,7267700
2021-08-26,159.339996,159.500000,151.449997,152.729996,152.729996,7243000
2021-08-27,152.251007,156.440002,151.449997,154.179993,154.179993,4814600
2021-08-30,154.410004,157.490005,151.919998,156.020004,156.020004,3968700
2021-08-31,155.940002,158.149994,153.580002,154.990005,154.990005,7404000
2021-09-01,154.839996,158.639999,154.289993,156.589996,156.589996,4324700
2021-09-02,156.500000,159.460007,156.500000,157.199997,157.199997,3301000
2021-09-03,158.050003,160.639999,157.199997,158.000000,158.000000,4456400
2021-09-07,159.720001,165.735001,159.550003,165.000000,165.000000,11008800
2021-09-08,163.229996,166.550003,161.600006,163.929993,163.929993,5866500
2021-09-09,163.000000,166.970001,160.830002,166.000000,166.000000,5935800
2021-09-10,166.949997,168.235992,165.009995,165.199997,165.199997,3981300
2021-09-13,160.250000,162.990005,154.789993,160.320007,160.320007,7520900
2021-09-14,160.660004,164.699997,159.410004,163.300003,163.300003,4655500
2021-09-15,162.320007,166.630005,160.490005,166.369995,166.369995,5656000
2021-09-16,165.259995,169.449997,165.039993,168.149994,168.149994,6094800
2021-09-17,169.300003,170.000000,163.610001,166.589996,166.589996,20024700
2021-09-20,162.240005,166.539993,159.445007,161.639999,161.639999,6846800
2021-09-21,164.000000,170.009995,162.960007,169.289993,169.289993,8592500
2021-09-22,170.029007,171.809998,167.371002,169.960007,169.960007,4353600
2021-09-23,171.550003,176.000000,170.500000,175.130005,175.130005,5370800
2021-09-24,174.529999,176.960007,173.610001,175.880005,175.880005,4084900
2021-09-27,175.000000,176.319000,172.020004,174.259995,174.259995,3551400
2021-09-28,172.516006,173.559998,166.899994,168.580002,168.580002,4362800
2021-09-29,170.100006,171.220993,166.550003,168.070007,168.070007,2788700
2021-09-30,168.100006,169.500000,165.710007,167.750000,167.750000,2662500
2021-10-01,170.309998,173.199997,168.550003,173.009995,173.009995,4963000
2021-10-04,171.990005,172.259995,164.029999,164.500000,164.500000,4459400
2021-10-05,165.669998,166.589996,162.429993,164.740005,164.740005,4340100
2021-10-06,161.389999,167.320007,160.630005,167.250000,167.250000,2461500
2021-10-07,170.000000,171.270004,168.600006,169.600006,169.600006,2119600
2021-10-08,170.100006,174.100006,169.479996,169.970001,169.970001,2263500
2021-10-11,170.000000,171.539993,166.630005,166.669998,166.669998,2046300
2021-10-12,172.694000,175.899994,171.229996,172.750000,172.750000,6028100
2021-10-13,173.000000,175.190002,171.800003,173.580002,173.580002,3521900
2021-10-14,175.240005,176.750000,170.039993,170.500000,170.500000,4139400
2021-10-15,171.899994,172.949997,168.580002,169.179993,169.179993,3588400
2021-10-18,167.500000,172.699997,167.110001,172.320007,172.320007,2793700
2021-10-19,172.570007,172.809998,170.059998,170.740005,170.740005,2776600
2021-10-20,170.059998,171.940002,168.199997,169.759995,169.759995,2687000
2021-10-21,169.074005,171.529999,167.699997,170.500000,170.500000,2889400
2021-10-22,169.300003,169.440002,165.160004,166.639999,166.639999,2986000
2021-10-25,166.690002,170.328995,166.649994,169.240005,169.240005,2620800
2021-10-26,170.399994,172.000000,167.899994,171.139999,171.139999,2937900
2021-10-27,170.740005,172.649994,168.880005,169.100006,169.100006,3009800
2021-10-28,170.199997,171.850006,168.710007,171.699997,171.699997,2143700
2021-10-29,171.389999,171.389999,168.848999,170.660004,170.660004,2294400
2021-11-01,170.500000,175.440002,170.500000,174.600006,174.600006,4401100
2021-11-02,174.949997,175.300003,170.580002,172.869995,172.869995,3292100
2021-11-03,171.889999,173.750000,170.929993,172.869995,172.869995,2827100
2021-11-04,175.949997,179.434998,173.960007,178.449997,178.449997,9664600
2021-11-05,186.149994,203.294998,185.944000,201.619995,201.619995,27285400
2021-11-08,203.350006,211.335999,199.750000,200.320007,200.320007,12855300
2021-11-09,201.440002,201.500000,187.500000,194.679993,194.679993,9056100
2021-11-10,190.229996,195.000000,189.279999,192.220001,192.220001,6704100
2021-11-11,195.199997,197.929993,190.770004,191.610001,191.610001,5899000
2021-11-12,192.464996,208.160004,192.059998,206.539993,206.539993,12050300
2021-11-15,206.199997,209.240005,204.160004,207.210007,207.210007,7479300
2021-11-16,205.589996,209.929993,203.470001,207.039993,207.039993,4431300
2021-11-17,207.000000,212.584000,198.399994,199.110001,199.110001,6383400
2021-11-18,199.339996,205.000000,196.000000,204.330002,204.330002,4597700
2021-11-19,196.600006,199.360001,190.500000,196.419998,196.419998,8181900
2021-11-22,190.440002,190.759995,176.720001,181.729996,181.729996,12619800
2021-11-23,181.143005,183.729996,175.250000,178.270004,178.270004,6451900
2021-11-24,175.630005,182.779999,175.000000,179.889999,179.889999,4763300
2021-11-26,167.759995,174.639999,167.039993,173.860001,173.860001,6044100
2021-11-29,176.880005,180.699997,175.899994,180.080002,180.080002,5317400
2021-11-30,176.404999,180.639999,170.921005,172.539993,172.539993,10682700
2021-12-01,174.009995,180.130005,162.029999,163.080002,163.080002,7645700
2021-12-02,161.360001,170.294998,160.490005,169.600006,169.600006,5687600
2021-12-03,168.979996,170.729996,162.139999,166.750000,166.750000,6458100
2021-12-06,167.274994,181.929993,162.850006,180.850006,180.850006,9813800
2021-12-07,185.610001,187.500000,182.020004,183.139999,183.139999,6264600
2021-12-08,186.000000,187.500000,182.139999,186.490005,186.490005,4218700
2021-12-09,182.089996,185.302002,179.279999,181.460007,181.460007,3518000
2021-12-10,178.149994,181.100006,175.854004,180.419998,180.419998,3977000
2021-12-13,178.250000,180.000000,168.889999,171.039993,171.039993,7263700
2021-12-14,168.298004,169.910004,164.500000,167.960007,167.960007,5660400
2021-12-15,167.639999,168.960007,160.179993,168.139999,168.139999,6678500
2021-12-16,166.250000,167.729996,153.600006,156.380005,156.380005,9415100
2021-12-17,154.619995,158.309998,149.440002,157.910004,157.910004,23882500
2021-12-20,151.160004,158.479996,151.000000,157.229996,157.229996,4639300
2021-12-21,159.500000,167.274994,158.369995,165.660004,165.660004,6293500
2021-12-22,165.679993,170.679993,162.800003,169.289993,169.289993,4802500
2021-12-23,170.500000,171.990005,166.889999,171.309998,171.309998,4017400
2021-12-27,169.806000,172.429993,168.779999,171.679993,171.679993,2725200
2021-12-28,171.320007,172.729996,167.729996,169.710007,169.710007,2292600
2021-12-29,169.520004,170.479996,165.020004,167.440002,167.440002,1995400
2021-12-30,167.059998,170.850006,165.710007,168.779999,168.779999,2181100
2021-12-31,168.779999,170.869995,166.080002,166.490005,166.490005,2596000
2022-01-03,165.296997,172.839996,165.220001,172.679993,172.679993,4224900
2022-01-04,174.154007,175.899994,167.199997,170.800003,170.800003,4080000
2022-01-05,169.882996,175.106995,162.240005,162.250000,162.250000,4804600
2022-01-06,160.289993,163.729996,156.339996,159.750000,159.750000,5049600
2022-01-07,159.179993,166.880005,158.455002,166.050003,166.050003,5622200
2022-01-10,159.759995,161.699997,152.100006,160.710007,160.710007,6973600
2022-01-11,160.710007,169.389999,159.078003,168.610001,168.610001,5331600
2022-01-12,170.240005,171.039993,165.110001,169.539993,169.539993,3534300
2022-01-13,170.233002,171.990005,165.764999,166.000000,166.000000,4893800
2022-01-14,165.750000,167.630005,160.240005,163.990005,163.990005,4129200
2022-01-18,156.910004,160.789993,153.869995,154.690002,154.690002,5775400
2022-01-19,157.000000,160.229996,154.440002,154.580002,154.580002,5127400
2022-01-20,157.807999,165.199997,157.350006,158.000000,158.000000,4941900
2022-01-21,156.815002,160.199997,152.410004,156.729996,156.729996,7233900
2022-01-24,150.000000,151.160004,135.759995,147.899994,147.899994,14627400
2022-01-25,143.899994,147.380005,140.130005,144.559998,144.559998,5704900
2022-01-26,149.285004,152.399994,140.041000,142.139999,142.139999,6990300
2022-01-27,null,null,null,null,null,null
2022-01-28,138.544998,143.110001,134.373993,142.770004,142.770004,5598300
2022-01-31,144.802994,153.970001,143.809998,153.970001,153.970001,5458300
2022-01-31,144.802994,153.970001,143.809998,153.970001,153.970001,5463016
2022-02-01,155.350006,157.389999,152.500000,156.940002,156.940002,3788300
2022-02-01,155.350006,157.389999,152.500000,156.940002,156.940002,3799303
2022-02-02,156.313004,156.509995,150.712006,151.759995,151.759995,3664600
2022-02-02,156.313004,156.399994,150.712402,151.759995,151.759995,3657419
2022-02-03,147.970001,152.179993,146.679993,149.570007,149.570007,4565000
2022-02-03,147.970001,152.000000,146.779999,149.570007,149.570007,4577057
2022-02-04,150.139999,157.240005,150.000000,155.559998,155.559998,4685600
2022-02-04,150.139999,157.240005,150.000397,155.559998,155.559998,4687701
2022-02-07,156.789993,160.880005,155.949997,157.910004,157.910004,4688700
2022-02-07,156.789993,160.880005,155.949997,157.910004,157.910004,4530057
2022-02-08,154.000000,163.078995,153.440002,162.259995,162.259995,4304800
2022-02-08,154.000000,163.079102,153.440002,162.259995,162.259995,4253454
2022-02-09,165.369995,170.070007,165.080002,169.529999,169.529999,4863600
2022-02-09,165.369995,170.048996,165.080002,169.529999,169.529999,4868311
2022-02-10,165.244995,177.059998,165.244995,171.949997,171.949997,8249300
2022-02-10,165.244995,177.050003,165.486206,171.949997,171.949997,8261379
2022-02-11,175.309006,176.740005,164.830002,166.529999,166.529999,6458200
2022-02-11,175.309006,176.740005,164.830002,166.529999,166.529999,6464397
2022-02-14,166.630005,171.800003,165.029999,169.660004,169.660004,4837200
2022-02-14,166.630005,171.800003,165.160004,169.660004,169.660004,4847552
2022-02-15,172.919998,180.632004,172.750000,180.070007,180.070007,11576000
2022-02-15,172.919998,180.630005,172.919998,180.070007,180.070007,10358297
2022-02-16,178.294998,191.729996,178.000000,186.639999,186.639999,22194400
2022-02-16,178.294998,191.729996,178.165207,186.639999,186.639999,22252851
2022-02-17,184.899994,188.979996,181.539993,183.600006,183.600006,7770200
2022-02-17,184.899994,188.959900,181.539993,183.600006,183.600006,7779201
2022-02-18,180.259995,182.660004,173.619995,174.899994,174.899994,8837100
2022-02-18,180.259995,182.660004,173.660004,174.899994,174.899994,8582293
2022-02-22,172.130005,176.380005,161.320007,165.240005,165.240005,8382800
2022-02-22,172.130005,176.380005,161.320007,165.240005,165.240005,8373704
2022-02-23,165.929993,166.654999,149.850006,150.039993,150.039993,9757900
2022-02-23,172.130005,166.654999,149.850006,150.039993,150.039993,9778477
2022-02-24,141.300003,158.940002,141.179504,158.259995,158.259995,10354648
2022-02-25,159.259995,159.449997,152.910004,155.089996,155.089996,6168600
2022-02-25,159.259995,159.449997,152.910004,155.089996,155.089996,6164139
2022-02-28,155.024994,155.095993,148.300003,151.490005,151.490005,11062300
2022-02-28,155.024994,155.096405,148.300003,151.490005,151.490005,11078496
2022-03-01,150.529999,154.220001,149.949997,151.009995,151.009995,5160400
2022-03-01,150.529999,154.220001,149.949997,151.009995,151.009995,5165768
2022-03-02,152.479996,158.080002,151.889999,157.529999,157.529999,5015800
2022-03-02,152.479996,158.070007,151.889999,157.529999,157.529999,5020618
2022-03-03,158.330002,159.220001,151.000000,151.690002,151.690002,4045757
2022-03-04,150.770004,151.889893,140.460007,142.699997,142.699997,8397063
2022-03-07,145.000000,145.000000,131.520004,131.589996,131.589996,9025197
2022-03-08,131.630005,144.470001,131.500000,142.130005,142.130005,9586994
2022-03-09,145.429993,150.955002,145.330002,148.309998,148.309998,6938095
2022-03-10,145.220001,152.889999,144.408997,151.800003,151.800003,5297900
2022-03-10,145.220001,152.884995,144.409195,151.800003,151.800003,5302511
2022-03-11,154.130005,155.000000,145.000000,145.139999,145.139999,4573100
2022-03-11,154.130005,155.000000,145.000000,145.139999,145.139999,4577255
2022-03-14,143.410004,144.669998,136.039993,138.500000,138.500000,6330206
2022-03-15,140.000000,144.729996,138.320007,143.949997,143.949997,5485600
2022-03-15,140.000000,144.729996,138.320007,143.949997,143.949997,5483290
2022-03-16,148.145004,156.979996,146.309998,155.750000,155.750000,7097900
2022-03-16,148.145004,156.979996,146.309998,155.750000,155.750000,7105370
2022-03-17,153.789993,157.600006,151.050003,157.550003,157.550003,5027800
2022-03-17,153.789993,157.600006,151.050003,157.550003,157.550003,5031682
2022-03-18,156.070007,167.179993,155.699997,167.000000,167.000000,8461200
2022-03-18,156.070007,167.179993,155.699997,167.000000,167.000000,7914897
2022-03-21,164.570007,165.949997,159.000000,161.800003,161.800003,4582800
2022-03-21,164.570007,165.889999,159.070007,161.800003,161.800003,4584370
2022-03-22,163.610001,168.175003,162.000000,166.440002,166.440002,4093600
2022-03-22,163.610001,168.175003,162.110001,166.440002,166.440002,4099851
2022-03-23,163.639999,166.889999,162.880005,164.160004,164.160004,2810100
2022-03-23,163.639999,166.872696,162.880005,164.160004,164.160004,2809440
2022-03-24,164.809998,171.000000,162.667999,170.830002,170.830002,4214600
2022-03-24,164.809998,171.000000,162.667999,170.830002,170.830002,4035167
2022-03-25,169.940002,170.610001,164.134003,167.220001,167.220001,2952300
2022-03-25,169.940002,170.590195,164.134293,167.220001,167.220001,2956870
2022-03-28,167.220001,168.718994,162.429993,167.649994,167.649994,3823600
2022-03-28,167.220001,168.649994,162.429993,167.649994,167.649994,3829793
2022-03-29,172.110001,178.880005,171.809998,175.520004,175.520004,5400800
2022-03-29,172.110001,178.880005,171.809998,175.520004,175.520004,5400165
2022-03-30,173.130997,176.820007,172.020004,173.630005,173.630005,3691000
2022-03-30,173.130997,176.820007,172.020004,173.630005,173.630005,3707406
2022-03-31,173.539993,176.149994,171.164001,171.759995,171.759995,3230400
2022-03-31,173.539993,176.149902,171.163803,171.759995,171.759995,3193948
2022-04-01,173.059998,177.940002,172.229996,173.070007,173.070007,3642300
2022-04-01,173.059998,177.850006,172.229996,173.070007,173.070007,3644935
2022-04-04,175.020004,177.020004,172.585007,177.020004,177.020004,3495700
2022-04-05,177.190002,179.089996,170.119995,171.210007,171.210007,4060000
2022-04-06,167.050003,168.770004,161.580002,164.660004,164.660004,4285400
2022-04-07,163.190002,167.860001,161.710007,165.910004,165.910004,4140300
2022-04-08,162.520004,164.899994,159.350006,162.559998,162.559998,3447400
2022-04-11,159.839996,163.570007,157.410004,160.250000,160.250000,3873200
2022-04-12,163.699997,166.110001,157.279999,160.110001,160.110001,4106500
2022-04-13,160.839996,172.960007,160.649994,171.850006,171.850006,7209100
2022-04-14,171.660004,174.639999,170.294998,170.699997,170.699997,5123100
2022-04-14,171.660004,174.639999,170.295395,170.699997,170.699997,5125142
2022-04-18,169.270004,170.119995,164.350006,165.740005,165.740005,3330700
2022-04-19,165.740005,170.820007,165.710007,170.119995,170.119995,2853900
2022-04-20,172.610001,172.610001,164.309998,164.550003,164.550003,3981400
2022-04-21,168.979996,170.929993,156.679993,157.910004,157.910004,4711100
2022-04-22,157.839996,161.669998,154.779999,156.089996,156.089996,3860500
2022-04-25,154.330002,159.789993,152.100006,158.389999,158.389999,3865000
2022-04-26,158.399994,159.199997,152.800003,153.039993,153.039993,4068800
2022-04-27,153.820007,157.300003,150.440002,152.229996,152.229996,4713800
2022-04-28,154.009995,161.255005,153.660004,159.740005,159.740005,4829400
2022-04-29,158.880005,163.240005,153.000000,153.210007,153.210007,4023000
2022-05-02,153.210007,155.130005,147.210999,152.779999,152.779999,5926300
2022-05-03,154.089996,154.490005,141.580002,145.000000,145.000000,16489400
2022-05-04,152.550003,158.740005,145.871994,156.179993,156.179993,20580100
2022-05-05,152.190002,153.880005,140.858093,143.089996,143.089996,11367225
2022-05-06,142.699997,143.110001,133.039993,135.839996,135.839996,9564300
2022-05-09,131.759995,131.610001,118.830002,119.370003,119.370003,14430889
2022-05-10,122.949997,123.459999,113.529999,116.129997,116.129997,13623700
2022-05-11,114.529999,123.769997,112.366997,116.150002,116.150002,13653000
2022-05-12,113.660004,120.489998,111.220001,115.940002,115.940002,9247200
2022-05-13,119.959999,123.290001,118.820000,121.449997,121.449997,8586000
2022-05-16,121.000000,121.070000,113.250000,114.440002,114.440002,7580700
2022-05-17,119.970001,120.180000,114.510002,117.500000,117.500000,6948400
2022-05-18,116.110001,117.040001,107.620003,108.029999,108.029999,9692700
2022-05-19,108.180000,116.349998,107.449997,114.169998,114.169998,8919400
2022-05-20,115.459999,116.250000,108.500000,112.550003,112.550003,6958300
2022-05-23,113.544998,115.110001,110.930099,113.279999,113.279999,5958214
2022-05-24,111.279999,111.419998,103.740997,106.239998,106.239998,6407800
2022-05-25,105.889999,111.940002,104.970001,110.400002,110.400002,6197300
2022-05-26,109.739998,115.550003,108.110001,114.300003,114.300003,6874500
2022-05-27,116.000000,120.699997,115.769997,120.500000,120.500000,7386600
2022-05-31,120.500000,122.299004,117.160004,120.870003,120.870003,9109300
2022-06-01,121.050003,121.073997,114.394997,116.720001,116.720001,6877000
2022-06-02,117.129997,123.000000,116.269997,121.260002,121.260002,5166200
2022-06-03,118.070999,121.500000,117.559998,119.830002,119.830002,4583200
2022-06-06,123.330002,124.180000,119.919998,122.019997,122.019997,4157300
2022-06-07,119.760002,123.912003,119.120003,122.900002,122.900002,3327800
2022-06-08,121.430000,125.510002,121.230003,123.769997,123.769997,3774800
2022-06-09,122.309998,122.980003,115.419998,115.720001,115.720001,5308500
2022-06-10,111.800003,115.129997,108.320000,108.910004,108.910004,6936900
2022-06-13,102.849998,105.330002,98.360001,98.930000,98.930000,9576100
2022-06-14,99.540001,101.349998,97.200996,98.870003,98.870003,5901000
2022-06-15,100.019997,103.650002,98.919998,101.470001,101.470001,6247500
2022-06-16,96.190002,97.500000,92.089996,93.260002,93.260002,9435656
2022-06-17,93.529999,100.610001,93.529999,99.489998,99.489998,11288700
2022-06-21,102.690002,104.889000,101.620003,102.269997,102.269997,6531100
2022-06-22,99.000000,102.500000,98.720001,99.529999,99.529999,8976000
2022-06-23,100.000000,100.800003,93.019997,95.720001,95.720001,12335200
2022-06-24,97.519997,104.180000,96.330002,103.510002,103.510002,28790500
2022-06-27,103.959999,104.169998,99.330002,101.500000,101.500000,7349500
2022-06-28,103.339996,105.449997,97.089996,97.529999,97.529999,7744100
2022-06-29,96.830002,97.000000,92.050003,93.930000,93.930000,6514500
2022-06-30,92.489998,92.910004,86.709999,89.080002,89.080002,9002200
2022-07-01,89.089996,91.459999,87.430000,91.410004,91.410004,5992200
2022-07-05,88.879997,96.010002,86.750000,95.940002,95.940002,7648500
2022-07-06,95.290001,96.169998,91.800003,92.879997,92.879997,5700000
2022-07-07,93.660004,97.550003,92.160004,97.500000,97.500000,7474500
2022-07-08,96.230003,98.120003,93.241997,97.349998,97.349998,5666300
2022-07-11,96.000000,97.089996,93.269997,95.099998,95.099998,6041400
2022-07-12,95.300003,97.685997,93.320000,96.550003,96.550003,4166000
2022-07-13,93.750000,96.588997,91.610001,95.639999,95.639999,6960900
2022-07-14,94.279999,94.580002,90.169998,91.050003,91.050003,8329000
2022-07-15,92.550003,95.650002,90.660004,94.660004,94.660004,7494300
2022-07-18,96.779999,101.879997,95.980003,97.669998,97.669998,7158900
2022-07-19,99.699997,102.709999,98.760002,102.199997,102.199997,5598200
2022-07-20,103.110001,108.919998,102.750000,107.730003,107.730003,6825700
2022-07-21,106.980003,108.500000,104.410004,108.139999,108.139999,4269300
2022-07-22,108.309998,110.099998,102.930000,103.970001,103.970001,4237300
2022-07-25,103.779999,105.260002,101.478996,104.949997,104.949997,3137400
2022-07-26,102.379997,103.629997,101.099998,101.910004,101.910004,4173900
2022-07-27,105.790001,107.985001,104.059998,107.360001,107.360001,5360800
2022-07-28,108.169998,110.059998,104.680000,108.839996,108.839996,4463700
2022-07-29,108.195000,111.160004,107.110001,110.980003,110.980003,4634600
2022-08-01,110.000000,113.959999,107.480003,111.199997,111.199997,5999400
2022-08-02,111.669998,117.779999,111.099998,116.339996,116.339996,14808300
2022-08-03,108.224998,115.570000,107.650002,115.019997,115.019997,23338400
2022-08-04,114.309998,119.239998,114.254997,119.220001,119.220001,9173700
2022-08-05,115.519997,118.870003,114.820000,117.110001,117.110001,6490700
2022-08-08,118.154999,119.639999,115.430000,115.820000,115.820000,5378400
2022-08-09,115.000000,115.669998,112.800003,114.440002,114.440002,4197800
2022-08-10,119.330002,120.339996,116.300003,118.730003,118.730003,5517400
2022-08-11,121.300003,127.089996,120.959999,121.500000,121.500000,8106200
2022-08-12,122.800003,125.000000,121.120003,124.510002,124.510002,5008500
2022-08-15,123.550003,126.434998,123.199997,126.040001,126.040001,4881800
2022-08-16,124.230003,125.419998,122.620003,124.180000,124.180000,4370700
2022-08-17,121.629997,123.269997,120.639999,121.870003,121.870003,4326900
2022-08-18,121.500000,122.199997,120.279999,121.269997,121.269997,3370000
2022-08-19,118.184998,119.220001,114.099998,114.760002,114.760002,5283400
2022-08-22,110.360001,114.227997,109.970001,111.389999,111.389999,6054800
2022-08-23,112.410004,114.019997,111.410004,111.599998,111.599998,5443400
2022-08-24,110.930000,115.570000,110.839996,114.510002,114.510002,3631500
2022-08-25,115.889999,117.949997,115.419998,117.029999,117.029999,4017200
2022-08-26,117.059998,118.269997,112.779999,112.820000,112.820000,3776200
2022-08-29,111.769997,115.800003,111.529999,113.540001,113.540001,4615400
2022-08-30,114.500000,116.019997,110.440002,112.559998,112.559998,4506100
2022-08-31,113.489998,115.580002,112.400002,113.120003,113.120003,6186800
2022-09-01,111.099998,114.080002,108.169998,113.400002,113.400002,5658600
2022-09-02,114.320000,116.459999,112.330002,113.639999,113.639999,4118500
2022-09-06,114.089996,114.519997,110.500000,113.699997,113.699997,4065900
2022-09-07,112.849998,116.440002,112.709999,116.070000,116.070000,4617400
2022-09-08,114.000000,119.347000,114.000000,118.580002,118.580002,4062700
2022-09-09,120.017998,123.709999,119.900002,123.480003,123.480003,5413300
2022-09-12,124.250000,127.239998,123.785004,124.790001,124.790001,6990900
2022-09-13,119.699997,123.860001,119.050003,121.540001,121.540001,7123100
2022-09-14,121.629997,127.000000,119.510002,126.800003,126.800003,5682100
2022-09-15,125.290001,129.380005,124.279999,125.040001,125.040001,6594300
2022-09-16,121.110001,122.260002,117.589996,118.750000,118.750000,13700500
2022-09-19,116.870003,119.779999,116.470001,118.779999,118.779999,4714500
2022-09-20,117.930000,121.660004,116.620003,116.709999,116.709999,5609200
2022-09-21,116.370003,119.330002,112.360001,114.010002,114.010002,6892600
2022-09-22,112.669998,113.720001,103.260002,103.720001,103.720001,8389200
2022-09-23,102.199997,103.180000,99.709999,101.750000,101.750000,6241800
2022-09-26,101.779999,105.360001,101.559998,103.230003,103.230003,5276100
2022-09-27,106.040001,108.169998,104.139999,106.370003,106.370003,5078700
2022-09-28,106.700996,111.129997,105.779999,110.690002,110.690002,4513400
2022-09-29,109.190002,109.474998,105.169998,106.660004,106.660004,4259500
2022-09-30,104.760002,109.080002,104.730003,105.040001,105.040001,4747800
2022-10-03,105.489998,106.349998,102.180000,105.000000,105.000000,6207100
2022-10-04,109.139999,111.610001,108.680000,110.809998,110.809998,4830100
2022-10-05,110.519997,112.339996,107.839996,111.760002,111.760002,4003600
2022-10-06,112.000000,114.410004,110.199997,111.580002,111.580002,3442300
2022-10-07,108.870003,109.531998,107.099998,108.540001,108.540001,3348800
2022-10-10,108.550003,111.620003,107.410004,110.989998,110.989998,3942800
2022-10-11,110.987999,111.000000,103.595001,106.820000,106.820000,5688200
2022-10-12,107.470001,112.980003,106.110001,112.349998,112.349998,5539200
2022-10-13,107.300003,113.129997,105.300003,112.650002,112.650002,6168800
2022-10-14,115.000000,116.447998,109.010002,109.160004,109.160004,4984300
2022-10-17,112.330002,116.760002,111.029999,116.500000,116.500000,5413000
2022-10-18,120.029999,120.709999,115.699997,117.940002,117.940002,5567300
2022-10-19,116.235001,118.839996,115.300003,116.870003,116.870003,3407100
2022-10-20,116.349998,120.559998,116.000000,117.000000,117.000000,3960000
2022-10-21,116.760002,120.339996,114.639999,119.949997,119.949997,4141900
2022-10-24,118.330002,119.070000,112.823997,116.389999,116.389999,4446400
2022-10-25,115.370003,119.379997,112.629997,118.449997,118.449997,6263700
2022-10-26,117.000000,119.910004,114.970001,115.309998,115.309998,4263100
2022-10-27,116.050003,116.370003,111.925003,112.059998,112.059998,4584200
2022-10-28,111.190002,115.250000,110.389999,115.209999,115.209999,4754100
2022-10-31,113.059998,113.800003,106.669998,106.910004,106.910004,10713600
2022-11-01,110.964996,113.099998,108.000000,109.050003,109.050003,15530100
2022-11-02,102.644997,104.980003,94.250000,94.410004,94.410004,29145500
2022-11-03,94.080002,95.309998,91.272003,92.019997,92.019997,10091500
2022-11-04,94.995003,96.160004,92.010002,96.089996,96.089996,9714500
2022-11-07,96.760002,97.250000,93.279999,95.459999,95.459999,7967000
2022-11-08,95.529999,101.918999,94.269997,98.900002,98.900002,7826700
2022-11-09,97.750000,99.089996,95.150002,95.790001,95.790001,4645700
2022-11-10,100.910004,102.500000,99.040001,102.400002,102.400002,7322600
2022-11-11,103.449997,109.769997,102.160004,109.570000,109.570000,6857900
2022-11-14,107.739998,108.690002,105.040001,105.160004,105.160004,4942400
2022-11-15,109.269997,111.235001,106.599998,107.010002,107.010002,5327500
2022-11-16,107.699997,107.699997,104.379997,104.430000,104.430000,3673400
2022-11-17,101.830002,101.980003,98.849998,99.300003,99.300003,5169200
2022-11-18,100.839996,100.839996,96.599998,97.769997,97.769997,5910300
2022-11-21,97.010002,97.849998,93.919998,95.709999,95.709999,5136400
2022-11-22,93.529999,95.370003,92.980003,95.279999,95.279999,5945500
2022-11-23,95.559998,97.050003,94.339996,96.629997,96.629997,4331200
2022-11-23,95.559998,97.050003,94.340401,96.629997,96.629997,4337602
2022-11-25,96.970001,98.830002,96.760002,97.669998,97.669998,2245100
2022-11-28,97.000000,98.320000,94.809998,95.300003,95.300003,5133900
2022-11-29,96.099998,97.260002,95.300003,95.379997,95.379997,3691600
2022-11-30,95.860001,102.250000,95.720001,102.139999,102.139999,8378600
2022-12-01,101.489998,102.750000,99.550003,101.269997,101.269997,5040308
2022-12-02,99.250000,101.739998,98.970001,101.000000,101.000000,4128000
2022-12-05,100.000000,101.169998,98.040001,98.510002,98.510002,3594600
2022-12-06,98.250000,98.500000,91.900002,93.120003,93.120003,8360100
2022-12-07,88.805000,91.669998,86.879997,91.500000,91.500000,12634900
2022-12-08,92.970001,95.610001,91.750000,94.830002,94.830002,6114800
2022-12-09,93.839996,96.667999,93.239998,94.699997,94.699997,4403400
2022-12-12,93.760002,95.959999,93.489998,95.580002,95.580002,4660600
2022-12-13,100.370003,100.650002,93.120003,93.339996,93.339996,7373400
2022-12-14,93.540001,95.260002,91.209999,93.930000,93.930000,6729700
2022-12-15,91.519997,92.709999,89.519997,90.610001,90.610001,5314800
2022-12-16,89.860001,91.290001,88.559998,89.570000,89.570000,6824700
2022-12-19,89.510002,89.760002,85.400002,85.930000,85.930000,4696900
2022-12-20,86.709999,90.860001,86.519997,87.620003,87.620003,7317900
2022-12-21,87.489998,88.790001,86.589996,87.070000,87.070000,5588900
2022-12-22,85.540001,86.089996,82.580002,84.870003,84.870003,5637600
2022-12-23,84.699997,85.510002,83.500000,85.250000,85.250000,3055700
2022-12-27,84.779999,84.930000,82.830002,83.489998,83.489998,3980500
2022-12-28,83.250000,84.250000,81.910004,82.489998,82.489998,4928900
2022-12-29,82.970001,85.559998,82.290001,85.230003,85.230003,4030700
2022-12-30,83.610001,86.059998,83.599998,85.500000,85.500000,3362600
2023-01-03,87.385002,88.139999,84.300003,84.900002,84.900002,3900400
2023-01-04,85.889999,88.839996,84.790001,88.720001,88.720001,4815100
2023-01-05,88.480003,88.500000,86.750000,87.709999,87.709999,3416200
2023-01-06,88.519997,88.739998,85.709999,88.519997,88.519997,4344200
2023-01-09,90.254997,92.050003,88.879997,89.239998,89.239998,4317700
2023-01-10,88.860001,89.620003,86.750000,88.540001,88.540001,4161100
2023-01-11,89.000000,94.830002,88.863998,94.440002,94.440002,7713200
2023-01-12,95.309998,98.949997,94.019997,98.489998,98.489998,7692400
2023-01-13,97.500000,100.699997,97.419998,100.370003,100.370003,6513500
2023-01-17,99.915001,102.735001,99.099998,101.269997,101.269997,5491600
2023-01-18,101.410004,103.800003,100.320000,101.110001,101.110001,6060400
2023-01-19,99.839996,100.519997,97.570000,99.099998,99.099998,4995600
2023-01-20,99.010002,101.370003,98.111000,101.279999,101.279999,5101900
2023-01-23,101.989998,105.379997,101.349998,105.220001,105.220001,4437700
2023-01-24,104.699997,106.389999,103.820000,104.129997,104.129997,3507400
2023-01-25,100.360001,104.675003,99.841003,104.440002,104.440002,5165100
2023-01-26,106.300003,109.489998,105.675003,109.419998,109.419998,5192300
2023-01-27,108.860001,117.120003,108.735001,115.940002,115.940002,9542300
2023-01-30,114.129997,115.080002,109.275002,109.480003,109.480003,5358100
2023-01-31,109.480003,111.230003,108.820000,111.110001,111.110001,3867201
2023-02-01,111.110001,114.889999,109.830002,113.989998,113.989998,4045900
2023-02-02,116.250000,119.849998,116.239998,118.519997,118.519997,7144500
2023-02-03,116.040001,121.400002,115.849998,118.699997,118.699997,6129000
2023-02-06,117.410004,119.334000,116.809998,118.349998,118.349998,3203200
2023-02-07,117.910004,120.209999,115.138000,119.690002,119.690002,4395400
2023-02-08,119.389999,119.809998,115.570000,116.360001,116.360001,3601700
2023-02-09,118.000000,119.279999,114.519997,114.940002,114.940002,4506600
2023-02-10,112.250000,113.360001,106.538002,108.870003,108.870003,6453800
2023-02-13,110.000000,116.900002,109.809998,116.419998,116.419998,7641800
2023-02-14,116.290001,121.320000,115.199997,120.870003,120.870003,16782400
2023-02-15,130.000000,138.750000,129.850006,137.009995,137.009995,32481900
2023-02-16,135.649994,144.630005,134.729996,139.419998,139.419998,18675200
2023-02-17,137.434998,138.399994,130.729996,131.600006,131.600006,11168700
2023-02-21,129.770004,132.850006,128.145004,128.779999,128.779999,6594300
2023-02-22,128.139999,128.880005,124.550003,127.209999,127.209999,5753000
2023-02-23,128.210007,128.850006,121.919998,125.519997,125.519997,7011700
2023-02-24,123.040001,124.849998,120.191002,122.779999,122.779999,5115700
2023-02-27,123.949997,125.059998,122.730003,123.529999,123.529999,5004600
2023-02-28,125.110001,126.384003,123.029999,123.279999,123.279999,7313600
2023-03-01,122.375000,123.300003,120.389999,120.830002,120.830002,4620600
2023-03-02,119.669998,123.260002,119.360001,122.379997,122.379997,4087300
2023-03-03,123.180000,125.870003,122.699997,125.730003,125.730003,5495000
2023-03-06,126.355003,129.440002,125.279999,126.330002,126.330002,5289600
2023-03-07,125.739998,130.850006,125.500000,126.940002,126.940002,5590811
2023-03-08,126.900002,127.660004,124.739998,125.000000,125.000000,3278400
2023-03-09,125.059998,125.199997,119.709999,119.839996,119.839996,6133400
2023-03-10,119.735001,121.440002,115.849998,118.300003,118.300003,5251900
2023-03-13,115.722000,117.900002,113.660004,115.959999,115.959999,5277536
2023-03-14,118.940002,119.099998,114.910004,116.360001,116.360001,5412800
2023-03-15,113.860001,114.320000,111.510002,113.580002,113.580002,6294300
2023-03-16,113.949997,120.059998,113.510002,119.989998,119.989998,7697232
2023-03-17,119.714996,119.959999,116.550003,118.150002,118.150002,5511000
2023-03-20,118.059998,119.019997,116.625000,118.400002,118.400002,3996800
2023-03-21,120.000000,124.430000,119.849998,123.690002,123.690002,5372900
2023-03-22,123.889999,125.430000,121.000000,121.169998,121.169998,3944700
2023-03-23,122.510002,124.660004,118.330002,120.300003,120.300003,4027200
2023-03-24,119.500000,119.699997,115.389999,116.919998,116.919998,4290900
2023-03-27,117.989998,119.274002,116.739998,117.910004,117.910004,2816800
2023-03-28,117.970001,118.309998,116.014999,116.610001,116.610001,2940300
2023-03-29,118.339996,119.190002,117.151001,118.800003,118.800003,2707500
2023-03-30,120.800003,122.650002,120.110001,122.279999,122.279999,5435700
2023-03-31,123.300003,125.940002,122.800003,124.400002,124.400002,5528500
2023-04-03,123.000000,123.089996,119.710999,121.459999,121.459999,4227900
2023-04-04,121.680000,122.059998,118.209999,118.459999,118.459999,3346100
2023-04-05,117.870003,117.870003,111.489998,115.339996,115.339996,6734100
2023-04-06,113.339996,113.415001,107.660004,109.690002,109.690002,14387600
2023-04-06,113.339996,113.415001,107.660004,109.690002,109.690002,14400096
2023-04-10,108.690002,112.629997,108.400002,112.599998,112.599998,5394700
2023-04-11,113.559998,114.800003,112.589996,114.250000,114.250000,4844100
2023-04-12,114.800003,115.839996,111.400002,112.419998,112.419998,6054800
2023-04-13,113.180000,114.400002,112.809998,113.949997,113.949997,3876800
2023-04-14,113.889999,115.120003,113.019997,114.650002,114.650002,3413600
2023-04-17,115.419998,116.180000,114.589996,116.169998,116.169998,3275200
2023-04-18,119.830002,121.320000,118.099998,119.190002,119.190002,7159500
2023-04-19,118.144997,120.370003,117.639999,120.099998,120.099998,3306300
2023-04-20,118.370003,119.699997,117.820000,118.400002,118.400002,4362500
2023-04-21,114.955002,115.750000,112.019997,115.500000,115.500000,7357300
2023-04-24,115.529999,116.400002,114.510002,116.120003,116.120003,3239500
2023-04-25,115.309998,115.430000,112.470001,112.504997,112.504997,3654600
2023-04-26,113.500000,114.599998,113.199997,113.680000,113.680000,3611700
2023-04-27,114.440002,115.849998,112.287003,115.250000,115.250000,3868200
2023-04-28,114.599998,120.470001,113.000000,119.669998,119.669998,4971700
2023-05-01,119.260002,122.650002,118.980003,121.419998,121.419998,4826900
2023-05-02,120.239998,121.699997,117.940002,120.580002,120.580002,4856200
2023-05-03,120.849998,121.190002,117.970001,118.860001,118.860001,3676800
2023-05-04,118.940002,119.169998,116.180000,117.629997,117.629997,4928100
2023-05-05,120.010002,120.300003,116.930000,119.900002,119.900002,6618800
2023-05-08,123.160004,127.555000,122.980003,125.650002,125.650002,10117400
2023-05-09,126.599998,128.960007,125.010002,127.070000,127.070000,14986800
2023-05-10,109.849998,115.510002,109.370003,113.190002,113.190002,34162400
2023-05-11,113.139999,114.459999,111.040001,111.199997,111.199997,9572700
2023-05-12,111.360001,111.559998,104.209999,105.275002,105.275002,14740400
2023-05-15,105.059998,106.150002,103.550003,105.779999,105.779999,5419700
2023-05-16,105.720001,107.580002,104.300003,105.410004,105.410004,5585300
2023-05-17,106.070000,109.930000,104.940002,108.330002,108.330002,6884600
2023-05-18,108.339996,112.339996,108.339996,111.870003,111.870003,6937700
2023-05-19,110.820000,110.820000,106.644997,107.379997,107.379997,9124200
2023-05-22,106.260002,110.730003,106.199997,109.930000,109.930000,7343900
2023-05-23,109.000000,109.706001,105.669998,106.250000,106.250000,6494500
2023-05-24,105.459999,106.589996,103.820000,105.709999,105.709999,5357300
2023-05-25,106.099998,106.519997,103.739998,104.419998,104.419998,4830100
2023-05-26,105.180000,107.614998,104.989998,106.809998,106.809998,4677600
2023-05-30,107.724998,108.789001,106.019997,107.190002,107.190002,5441200
2023-05-31,105.599998,110.095001,103.739998,109.769997,109.769997,10259300
2023-06-01,109.839996,113.540001,109.110001,112.160004,112.160004,6640700
2023-06-02,112.930000,118.449997,112.930000,118.059998,118.059998,10122000
2023-06-05,115.120003,116.595001,112.315002,115.690002,115.690002,8321500
2023-06-06,115.919998,119.089996,115.410004,117.300003,117.300003,5021800
2023-06-07,118.139999,120.160004,115.919998,116.550003,116.550003,4633000
2023-06-08,114.970001,116.330002,113.580002,115.500000,115.500000,4432700
2023-06-09,120.250000,122.739998,117.449997,117.860001,117.860001,7427200
2023-06-12,119.364998,125.000000,118.879997,124.589996,124.589996,7876600
2023-06-13,124.610001,125.739998,123.220001,124.900002,124.900002,5273400
2023-06-14,125.389999,126.386002,122.764999,125.139999,125.139999,5688000
2023-06-15,122.959999,128.380005,122.750000,127.849998,127.849998,5594100
2023-06-16,128.679993,129.199997,126.790001,128.679993,128.679993,6892400
2023-06-20,126.370003,127.629997,124.394997,126.449997,126.449997,5383600
2023-06-21,125.089996,129.259995,125.089996,127.459999,127.459999,4705200
2023-06-22,126.580002,128.619995,125.349998,127.959999,127.959999,3935600
2023-06-23,125.989998,126.800003,124.000000,124.730003,124.730003,5794100
2023-06-26,122.900002,126.699997,122.800003,123.129997,123.129997,3644800
2023-06-27,124.410004,128.169998,123.320000,127.889999,127.889999,4504200
2023-06-28,127.389999,131.880005,126.169998,127.629997,127.629997,6126400
2023-06-29,127.639999,128.000000,123.419998,125.099998,125.099998,4239400
2023-06-30,127.250000,131.139999,127.019997,128.160004,128.160004,4600100
2023-07-03,129.279999,134.270004,129.229996,132.350006,132.350006,5001800
2023-07-03,129.279999,134.270004,129.244995,132.350006,132.350006,5001785
2023-07-05,131.845001,132.949997,130.535004,131.690002,131.690002,3427300
2023-07-06,129.169998,129.322998,126.059998,128.160004,128.160004,3733600
2023-07-07,128.160004,131.619995,128.059998,130.320007,130.320007,3148100
2023-07-10,130.179993,133.339005,129.610001,131.710007,131.710007,4027800
2023-07-11,129.449997,138.089996,128.770004,137.539993,137.539993,10034500
2023-07-12,139.350006,140.320007,135.520004,137.020004,137.020004,5577200
2023-07-13,138.960007,140.600006,137.300003,140.089996,140.089996,5526200
2023-07-14,140.250000,143.570007,139.690002,143.339996,143.339996,6496600
2023-07-17,142.289993,147.399994,142.289993,145.360001,145.360001,5751200
2023-07-18,144.000000,147.539993,143.750000,146.529999,146.529999,4122600
2023-07-19,145.750000,147.675003,144.190002,145.535004,145.535004,4963300
2023-07-20,143.589996,146.270004,143.500000,145.279999,145.279999,4241600
2023-07-21,147.000000,149.990005,146.910004,148.770004,148.770004,11794500
2023-07-24,147.059998,148.289993,144.179993,147.619995,147.619995,4370800
2023-07-25,147.610001,150.779999,147.460007,148.649994,148.649994,4119500
2023-07-26,147.830002,150.270004,147.089996,150.169998,150.169998,4053800
2023-07-27,151.889999,153.175003,147.554993,148.500000,148.500000,5423300
2023-07-28,150.229996,154.490005,150.210007,153.330002,153.330002,4162300
2023-07-31,153.860001,154.949997,151.550003,152.190002,152.190002,4457300
2023-08-01,149.619995,150.419998,148.029999,148.910004,148.910004,4519600
2023-08-02,146.449997,147.115005,143.190002,144.559998,144.559998,7026100
2023-08-03,140.940002,143.102997,139.750000,140.880005,140.880005,11441200
2023-08-04,140.470001,145.320007,137.619995,140.169998,140.169998,8621800
2023-08-07,142.000000,144.000000,138.789993,143.199997,143.199997,4077600
2023-08-08,140.520004,140.520004,137.029999,139.550003,139.550003,4684200
2023-08-09,140.139999,140.550003,137.330002,137.869995,137.869995,3387900
2023-08-10,139.869995,140.970001,135.649994,135.970001,135.970001,3436500
2023-08-11,134.149994,134.259995,131.699997,133.679993,133.679993,4372200
2023-08-14,133.559998,133.789993,131.740005,133.240005,133.240005,3369500
2023-08-15,132.500000,132.809998,129.729996,129.850006,129.850006,3969700
2023-08-16,129.000000,130.149994,128.399994,128.830002,128.830002,3311000
2023-08-17,129.220001,129.600006,127.371002,127.989998,127.989998,3907600
2023-08-18,124.930000,126.080002,123.379997,125.059998,125.059998,5907800
2023-08-21,126.154999,126.540001,123.489998,124.000000,124.000000,4795700
2023-08-22,124.250000,127.239998,124.000999,127.080002,127.080002,4945400
2023-08-23,126.900002,129.184998,126.400002,128.130005,128.130005,4601500
2023-08-24,128.229996,128.839996,124.639999,124.720001,124.720001,2980100
2023-08-25,125.040001,126.599998,124.190002,125.790001,125.790001,2414400
2023-08-28,127.000000,127.000000,124.949997,126.154999,126.154999,2348000
2023-08-29,126.550003,132.880005,126.000000,132.250000,132.250000,5591900
2023-08-30,130.470001,132.449997,129.309998,130.610001,130.610001,4705600
2023-08-31,130.600006,132.440002,129.809998,131.550003,131.550003,3859400
2023-09-01,133.699997,134.500000,131.330002,132.690002,132.690002,4418300
2023-09-05,141.149994,144.259995,139.800003,142.289993,142.289993,21048700
2023-09-06,140.779999,143.220001,140.266006,141.770004,141.770004,7112400
2023-09-07,139.250000,144.250000,139.009995,143.270004,143.270004,7926800
2023-09-08,143.940002,146.850006,143.179993,145.820007,145.820007,9326600
2023-09-11,146.220001,148.250000,144.860001,147.330002,147.330002,7177900
2023-09-12,146.880005,151.154999,146.820007,147.500000,147.500000,7339800
2023-09-13,146.000000,147.000000,143.604996,144.714996,144.714996,7890100
2023-09-14,144.610001,145.720001,141.690002,144.119995,144.119995,8364600
2023-09-15,143.585007,144.949997,142.100006,142.750000,142.750000,74786400
2023-09-18,141.929993,144.399994,141.190002,142.550003,142.550003,7350900
2023-09-19,141.860001,142.570007,139.770004,141.850006,141.850006,6674100
2023-09-20,142.759995,143.270004,137.949997,138.009995,138.009995,5189000
2023-09-21,135.554993,135.979996,132.389999,132.750000,132.750000,8514300
2023-09-22,133.710007,134.184204,131.119995,132.199997,132.199997,4276528
2023-09-25,130.800003,134.250000,130.800003,134.139999,134.139999,4151400
2023-09-26,132.779999,133.940002,131.169998,132.279999,132.279999,4192600
2023-09-27,133.800003,134.899994,131.220001,134.029999,134.029999,3770300
2023-09-28,133.649994,138.229996,132.880005,136.470001,136.470001,4058100
2023-09-29,138.050003,141.074997,136.360001,137.210007,137.210007,4781100
2023-10-02,136.550003,138.000000,135.360001,136.559998,136.559998,3488300
2023-10-03,132.169998,133.410004,126.489998,127.730003,127.730003,9016600
2023-10-04,128.750000,130.220001,127.294998,127.410004,127.410004,5816100
2023-10-05,126.540001,126.620003,121.669998,124.989998,124.989998,7628700
2023-10-06,123.000000,127.400002,122.019997,126.360001,126.360001,5152300
2023-10-09,124.000000,127.919998,121.809998,127.769997,127.769997,5089800
2023-10-10,127.690002,132.779999,126.949997,131.589996,131.589996,5113900
2023-10-11,132.119995,132.690002,128.520004,130.000000,130.000000,3454700
2023-10-12,130.289993,130.410004,124.820000,125.970001,125.970001,4012900
2023-10-13,127.610001,129.839996,123.550003,124.080002,124.080002,4926500
2023-10-16,125.190002,126.760002,124.185997,125.190002,125.190002,2704200
2023-10-17,123.760002,126.779999,122.660004,125.709999,125.709999,3072500
2023-10-18,123.019997,124.349998,121.720001,122.169998,122.169998,4096300
2023-10-19,122.389999,123.480003,119.330002,119.970001,119.970001,4372000
2023-10-20,119.489998,119.919998,116.080002,116.489998,116.489998,6194900
2023-10-23,116.480003,122.525002,115.550003,120.389999,120.389999,5440505
2023-10-24,121.180000,123.169998,120.570000,122.010002,122.010002,3650800
2023-10-25,120.750000,120.750000,118.320000,118.500000,118.500000,4838900
2023-10-26,118.139999,119.547997,114.400002,115.470001,115.470001,5215500
2023-10-27,116.209999,116.745003,113.235001,114.089996,114.089996,5199300
2023-10-30,117.150002,118.589996,115.349998,116.949997,116.949997,5216400
2023-10-31,117.129997,118.690002,114.910004,118.290001,118.290001,4643500
2023-11-02,122.510002,122.739998,114.099998,115.500000,115.500000,14042600
2023-11-03,117.980003,123.449997,117.379997,122.639999,122.639999,9015200
2023-11-06,123.214996,123.930000,116.849998,118.169998,118.169998,7662800
2023-11-07,118.250000,122.180000,118.099998,121.080002,121.080002,5162500
2023-11-08,119.430000,121.199997,116.179001,117.660004,117.660004,7809100
2023-11-09,118.349998,119.529999,115.199997,115.519997,115.519997,5508000
2023-11-10,114.525002,118.540001,114.169998,118.150002,118.150002,4773500
2023-11-13,117.510002,119.860001,117.401001,119.150002,119.150002,3406300
2023-11-14,122.355003,127.120003,121.510002,126.680000,126.680000,8399508
2023-11-15,128.000000,131.619995,127.060997,128.350006,128.350006,6849000
2023-11-16,127.120003,128.399994,125.309998,126.279999,126.279999,4173300
2023-11-17,126.650002,127.970001,125.449997,127.150002,127.150002,3795700
2023-11-20,127.400002,130.949997,127.010002,129.699997,129.699997,4634600
2023-11-21,128.000000,128.050003,124.930000,126.820000,126.820000,4585100
2023-11-22,127.750000,130.580002,127.709999,129.039993,129.039993,3973900
2023-11-22,127.750000,130.580002,127.709999,129.039993,129.039993,3928837
2023-11-24,129.050003,129.589996,127.779999,128.369995,128.369995,2058900
2023-11-27,127.500000,129.559998,125.849998,129.000000,129.000000,4354600
2023-11-28,128.789993,129.539993,125.849998,127.559998,127.559998,4016800
2023-11-29,127.000000,129.582993,126.059998,126.480003,126.480003,4614700
2023-11-30,127.000000,128.130005,125.084999,126.339996,126.339996,5955900
2023-12-01,125.500000,135.419998,125.400002,135.020004,135.020004,7419200
2023-12-04,134.000000,136.750000,132.720001,133.699997,133.699997,5260900
2023-12-05,132.679993,135.705002,132.660004,133.710007,133.710007,4201100
2023-12-06,135.589996,138.479996,135.139999,135.309998,135.309998,4930900
2023-12-07,135.509995,141.160004,135.429993,139.839996,139.839996,7106800
2023-12-08,138.190002,141.539993,137.800003,140.679993,140.679993,4410400
2023-12-11,141.360001,144.500000,140.850006,142.910004,142.910004,4558600
2023-12-12,137.899994,141.059998,137.580002,140.550003,140.550003,6822500
2023-12-13,142.949997,144.940002,140.339996,144.509995,144.509995,6660500
2023-12-14,145.000000,149.919998,144.979996,147.259995,147.259995,9566100
2023-12-15,147.259995,148.729996,145.860001,146.600006,146.600006,7771000
2023-12-18,147.160004,148.460007,146.119995,147.500000,147.500000,4174700
2023-12-19,147.500000,148.610001,146.679993,146.910004,146.910004,5089100
2023-12-20,146.500000,146.500000,140.649994,141.070007,141.070007,5713100
2023-12-21,142.369995,143.490005,140.309998,142.089996,142.089996,3317700
2023-12-22,141.880005,142.509995,139.729996,140.800003,140.800003,2936100
2023-12-26,141.000000,141.000000,137.770004,138.720001,138.720001,4383200
2023-12-27,139.134995,139.134995,136.050003,136.550003,136.550003,3984500
2023-12-28,136.550003,137.190002,135.695007,137.000000,137.000000,2769100
2023-12-29,136.710007,137.869995,135.429993,136.139999,136.139999,3074100
2024-01-02,134.429993,135.600006,133.339996,134.479996,134.479996,3483300
2024-01-03,132.710007,134.539993,130.820007,133.419998,133.419998,4265100
2024-01-04,132.860001,137.033997,132.500000,133.720001,133.720001,4055500
2024-01-05,134.250000,136.649994,133.895004,135.979996,135.979996,4004600
2024-01-08,137.309998,140.250000,136.610001,140.080002,140.080002,4178000
2024-01-09,138.520004,139.539993,137.791702,139.529999,139.529999,3510254
2024-01-10,139.199997,140.824997,138.699997,139.759995,139.759995,2491200
2024-01-11,140.710007,141.199997,137.550003,139.449997,139.449997,2382800
2024-01-12,139.350006,140.990005,137.130005,137.139999,137.139999,2480600
2024-01-16,135.899994,136.000000,133.669998,135.020004,135.020004,5514400
2024-01-17,132.839996,135.089996,131.100006,134.979996,134.979996,3039100
2024-01-18,137.000000,139.535004,135.225006,137.039993,137.039993,5272300
2024-01-19,138.600006,140.285004,136.320007,139.929993,139.929993,4085300
2024-01-22,141.154999,144.050003,140.899994,142.009995,142.009995,4478700
2024-01-23,142.750000,143.929993,140.520004,142.300003,142.300003,3876200
2024-01-24,143.809998,144.100006,139.580002,141.190002,141.190002,4856000
2024-01-25,143.199997,143.289993,140.367996,142.110001,142.110001,3674800
2024-01-26,142.110001,151.529999,141.490005,149.619995,149.619995,11339400
2024-01-29,150.000000,153.380005,148.539993,152.699997,152.699997,5314900
2024-01-30,150.539993,151.029999,148.679993,149.440002,149.440002,3878700
2024-01-31,148.645004,148.740005,143.919998,144.139999,144.139999,4123800
2024-02-01,144.800003,146.850006,143.649994,146.490005,146.490005,3411300
2024-02-02,143.990005,148.080002,141.240005,146.550003,146.550003,4251800
2024-02-05,146.089996,146.399994,142.679993,144.779999,144.779999,3006330
2024-02-06,145.100006,145.130005,142.951996,144.529999,144.529999,3696500
2024-02-07,145.119995,148.770004,143.860001,147.550003,147.550003,4212300
2024-02-08,149.250000,150.669998,148.059998,150.539993,150.539993,3493000
2024-02-09,145.839996,148.679993,145.179993,147.595001,147.595001,5004300
2024-02-12,148.679993,157.345001,148.339996,153.800003,153.800003,7888900
2024-02-13,149.210007,153.020004,148.580002,150.820007,150.820007,11632600
2024-02-14,146.160004,149.529999,142.570007,148.199997,148.199997,16008900
2024-02-15,148.910004,158.270004,148.750000,157.690002,157.690002,11919400
2024-02-16,156.100006,156.100006,151.779999,152.509995,152.509995,6518300
2024-02-20,150.309998,150.679993,145.880005,148.149994,148.149994,5213100
2024-02-21,145.979996,149.259995,145.395996,149.240005,149.240005,4561400
2024-02-22,151.020004,155.699997,150.264999,155.259995,155.259995,6100700
2024-02-23,153.270004,155.300003,150.824997,152.660004,152.660004,4845300
2024-02-26,149.960007,150.179993,148.559998,149.270004,149.270004,5274900
2024-02-27,150.000000,152.470001,149.229996,152.059998,152.059998,4623300
2024-02-28,152.029999,154.899994,151.789993,153.429993,153.429993,4325600
2024-02-29,153.399994,160.000000,153.220001,157.470001,157.470001,8000000
2024-03-01,157.229996,160.979996,156.811005,159.720001,159.720001,5365300
2024-03-04,159.899994,163.014999,157.929993,158.089996,158.089996,4398000
2024-03-05,157.199997,159.979996,156.139999,159.330002,159.330002,4712500
2024-03-06,160.100006,164.589996,160.070007,163.869995,163.869995,5166200
2024-03-07,165.000000,165.384995,162.240005,163.539993,163.539993,3809200
2024-03-08,166.000000,168.190002,163.479996,164.910004,164.910004,4103600
2024-03-11,163.759995,164.259995,161.975006,162.990005,162.990005,3147800
2024-03-12,163.000000,167.000000,162.729996,166.669998,166.669998,3944000
2024-03-13,162.419998,168.000000,160.690002,164.759995,164.759995,7501500
2024-03-14,165.740005,166.720001,162.720001,166.440002,166.440002,5076100
2024-03-15,166.389999,166.522995,160.160004,160.639999,160.639999,7152400
2024-03-18,161.945007,162.869995,160.600006,161.860001,161.860001,4294200
2024-03-19,161.490005,164.100006,161.054993,161.789993,161.789993,3420100
2024-03-20,162.389999,165.750000,162.264999,164.710007,164.710007,4764100
2024-03-21,165.809998,170.100006,165.000000,168.179993,168.179993,5978900
2024-03-22,167.000000,168.800003,166.639999,167.860001,167.860001,2834300
2024-03-25,167.860001,169.080002,166.279999,167.990005,167.990005,3214400
2024-03-26,169.690002,170.000000,167.320007,167.389999,167.389999,2746600
2024-03-27,169.110001,169.110001,165.500000,166.410004,166.410004,3920600
2024-03-28,166.570007,167.380005,164.589996,164.960007,164.960007,3415300
2024-03-28,166.600006,167.380005,164.589996,164.960007,164.960007,3413826
2024-04-01,166.429993,166.720001,162.750000,163.369995,163.369995,2495900
2024-04-02,160.949997,160.979996,158.679993,160.110001,160.110001,3999500
2024-04-03,158.750000,161.330002,158.580002,159.339996,159.339996,2286300
2024-04-04,161.220001,163.649994,158.520004,158.839996,158.839996,3535800
2024-04-05,159.149994,162.710007,158.899994,161.770004,161.770004,2225600
2024-04-08,160.360001,161.179993,159.289993,160.270004,160.270004,2297000
2024-04-09,161.550003,163.205002,159.910004,162.660004,162.660004,2290200
2024-04-10,159.630005,160.960007,158.630005,160.279999,160.279999,2478600
2024-04-11,159.000000,166.220001,158.899994,165.419998,165.419998,3560500
2024-04-12,162.419998,162.712006,158.779999,159.369995,159.369995,3699900
2024-04-15,161.809998,162.899994,154.410004,155.600006,155.600006,3721900
2024-04-16,155.830002,158.940002,155.300003,156.660004,156.660004,2725900
2024-04-17,158.449997,159.699997,156.410004,158.369995,158.369995,3904500
2024-04-18,159.600006,162.940002,159.210007,160.100006,160.100006,3930000
2024-04-19,159.539993,160.335007,154.559998,155.009995,155.009995,3892800
2024-04-22,156.190002,157.250000,153.764999,156.610001,156.610001,3027600
2024-04-23,157.240005,161.139999,156.699997,160.949997,160.949997,3431300
2024-04-24,164.475006,166.744995,161.089996,162.839996,162.839996,3852400
2024-04-25,161.509995,163.729996,159.500000,163.009995,163.009995,2397500
2024-04-26,163.679993,165.160004,162.770004,164.229996,164.229996,2820600
2024-04-29,164.750000,165.500000,161.279999,162.250000,162.250000,2308200
2024-04-30,160.559998,162.089996,158.520004,158.570007,158.570007,3016400
2024-05-01,157.580002,160.949997,156.000000,156.160004,156.160004,2751500
2024-05-02,157.210007,158.399994,153.199997,158.330002,158.330002,4776800
2024-05-03,161.179993,165.500000,159.149994,159.710007,159.710007,4525177
2024-05-06,161.000000,162.410004,160.169998,162.000000,162.000000,2911300
2024-05-07,161.809998,162.880005,159.750000,159.809998,159.809998,2913400
2024-05-08,157.100006,158.619995,155.839996,157.899994,157.899994,8112600
2024-05-09,146.600006,150.005005,145.570007,147.050003,147.050003,14790800
2024-05-10,147.750000,148.119995,144.630005,146.320007,146.320007,5519900
2024-05-13,147.050003,149.240005,145.699997,149.130005,149.130005,5577600
2024-05-14,149.399994,149.399994,146.309998,146.699997,146.699997,4164200
2024-05-15,147.570007,147.690002,144.750000,145.800003,145.800003,5990100
2024-05-16,146.339996,147.789993,145.850006,147.190002,147.190002,3824400
2024-05-17,146.809998,147.494995,145.304993,145.660004,145.660004,3270700
2024-05-20,146.179993,146.479996,145.210007,146.369995,146.369995,3742700
2024-05-21,145.710007,145.710007,144.089996,144.100006,144.100006,4476900
2024-05-22,143.940002,144.210007,142.360001,142.710007,142.710007,3188100
2024-05-23,142.580002,143.440002,140.820007,141.039993,141.039993,3899800
2024-05-24,142.500000,145.970001,142.300003,144.470001,144.470001,4497100
2024-05-28,146.000000,147.869995,145.110001,147.009995,147.009995,5739600
2024-05-29,144.880005,147.130005,144.733994,146.610001,146.610001,2569900
2024-05-30,145.399994,147.589996,144.410004,145.520004,145.520004,3575000
2024-05-31,145.779999,146.429993,142.570007,144.929993,144.929993,3775900
2024-06-03,145.740005,146.960007,144.360001,146.250000,146.250000,3842100
2024-06-04,145.820007,147.919998,145.440002,147.080002,147.080002,2992400
2024-06-05,147.979996,148.699997,145.141006,145.779999,145.779999,3119000
2024-06-06,145.509995,148.789993,145.154999,147.000000,147.000000,3442400
2024-06-07,146.199997,147.029999,145.380005,146.660004,146.660004,2594800
2024-06-10,146.009995,148.320007,146.000000,148.070007,148.070007,3078000
2024-06-11,147.794998,148.794998,146.479996,147.750000,147.750000,3284176
2024-06-12,150.119995,150.270004,148.621002,149.320007,149.320007,3517489
2024-06-13,148.990005,149.000000,143.729996,146.100006,146.100006,4446700
2024-06-14,145.500000,146.050003,144.279999,145.970001,145.970001,2745000
2024-06-17,147.000000,150.119995,146.774994,149.500000,149.500000,5105600
2024-06-18,149.899994,150.548996,146.899994,147.289993,147.289993,3315700
2024-06-18,149.899994,150.548996,146.899994,147.289993,147.289993,3270536
2024-06-20,147.770004,149.750000,147.600006,147.880005,147.880005,2862600
2024-06-21,148.759995,150.000000,147.250000,149.570007,149.570007,7645500
2024-06-24,149.149994,150.039993,146.710007,148.389999,148.389999,4526700
2024-06-25,148.970001,151.274994,148.850006,150.910004,150.910004,4994600
2024-06-26,149.729996,150.384995,149.369995,150.000000,150.000000,3795100
2024-06-27,150.460007,151.880005,149.389999,151.610001,151.610001,3580400
2024-06-28,151.539993,152.929993,150.679993,151.630005,151.630005,3842200
2024-07-01,152.199997,152.199997,149.139999,151.630005,151.630005,2903900
2024-07-02,151.289993,155.210007,151.289993,154.339996,154.339996,3525200
2024-07-03,153.910004,154.429993,152.300003,152.729996,152.729996,1725600
2024-07-03,153.809998,154.429993,152.300003,152.729996,152.729996,1725631
2024-07-05,152.399994,152.880005,151.440002,152.500000,152.500000,3832900
2024-07-08,152.649994,154.199997,150.755005,151.960007,151.960007,3227700
2024-07-09,152.919998,155.660004,151.964996,152.449997,152.449997,4328800
2024-07-10,153.110001,153.199997,150.089996,151.839996,151.839996,3262200
2024-07-11,150.550003,152.000000,144.130005,146.000000,146.000000,6286400
2024-07-12,146.830002,148.000000,146.190002,146.779999,146.779999,2923000
2024-07-15,145.899994,148.470001,144.750000,147.220001,147.220001,2460173
2024-07-16,148.470001,151.639999,147.880005,151.259995,151.259995,4078400
2024-07-17,149.240005,150.100006,147.259995,148.000000,148.000000,3241700
2024-07-18,148.169998,150.145004,146.750000,146.880005,146.880005,3592300
2024-07-19,147.029999,149.160004,147.029999,147.990005,147.990005,3130700
2024-07-22,148.139999,150.369995,146.550003,150.179993,150.179993,3671600
2024-07-23,150.559998,151.250000,147.830002,148.750000,148.750000,2674000
2024-07-24,146.729996,147.110001,142.979996,144.229996,144.229996,5460700
2024-07-25,141.250000,141.945007,137.580002,140.029999,140.029999,5624600
2024-07-26,141.899994,141.910004,139.029999,140.100006,140.100006,5101000
2024-07-29,141.240005,142.429993,140.000000,140.289993,140.289993,2721400
2024-07-30,140.649994,140.990005,137.899994,138.990005,138.990005,2993700
2024-07-31,140.789993,141.220001,139.100006,139.559998,139.559998,3327700
2024-08-01,139.699997,139.779999,132.899994,135.089996,135.089996,5142100
2024-08-02,129.309998,129.600006,126.500000,128.229996,128.229996,7731800
2024-08-05,123.769997,125.949997,122.059998,125.309998,125.309998,7518700
2024-08-06,126.904999,131.449997,126.300003,130.470001,130.470001,10961100
2024-08-07,112.440002,115.550003,110.379997,113.010002,113.010002,29020200
2024-08-08,113.980003,116.430000,112.419998,114.639999,114.639999,7998600
2024-08-09,114.464996,116.260002,112.599998,115.080002,115.080002,4757000
2024-08-12,115.480003,115.500000,113.269997,113.620003,113.620003,3978600
2024-08-13,114.389999,117.769997,114.050003,116.900002,116.900002,4658900
2024-08-14,117.720001,118.739998,116.180000,116.239998,116.239998,3502800
2024-08-15,118.195000,119.133003,116.370003,118.879997,118.879997,5254200
2024-08-16,117.900002,118.800003,116.220001,116.309998,116.309998,4520300
2024-08-19,116.930000,119.300003,116.440002,119.139999,119.139999,3989200
2024-08-20,118.940002,119.279999,117.175003,117.379997,117.379997,3938100
2024-08-21,118.040001,118.269997,116.699997,117.680000,117.680000,5027100
2024-08-22,117.680000,118.394997,115.300003,115.449997,115.449997,4873400
2024-08-23,116.639999,118.699997,116.370003,116.849998,116.849998,4994000
2024-08-26,116.849998,117.389999,115.349998,115.709999,115.709999,4946800
2024-08-27,115.300003,117.419998,115.169998,116.739998,116.739998,3455900
2024-08-28,116.000000,117.730003,115.760002,117.529999,117.529999,3460500
2024-08-29,118.169998,119.379997,116.419998,116.599998,116.599998,3329100
2024-08-30,116.940002,118.050003,116.290001,117.309998,117.309998,3279300
2024-09-03,116.394997,117.834999,114.129997,114.980003,114.980003,4676100
2024-09-04,114.269997,115.989998,114.190002,115.209999,115.209999,3279000
2024-09-05,114.639999,116.449997,114.599998,116.160004,116.160004,3591900
